camera_matrix:
  cols: 3
  data: [232.0276301508743, 0.0, 304.3804747228323, 0.0, 230.96396649531863, 245.6771608840577,
    0.0, 0.0, 1.0]
  rows: 3
distortion_coefficients:
  cols: 1
  data: [-0.04594264204248488, 0.04477961821786041, -0.026953126993292154, 0.004303724984477926]
  rows: 4
distortion_model: fisheye
image_height: 480
image_width: 640
projection_matrix:
  cols: 4
  data: [232.0276336669922, 0.0, 304.3804626464844, 0.0, 0.0, 230.96397399902344,
    245.67715454101562, 0.0, 0.0, 0.0, 1.0, 0.0]
  rows: 3
rectification_matrix:
  cols: 3
  data: [1.0, 0.0, 0.0, 0.0, 1.0, 0.0, 0.0, 0.0, 1.0]
  rows: 3
