camera_matrix:
  cols: 3
  data: [401.0306194949252, 0.0, 333.1032484842158, 0.0, 1761.3993270911824, 242.95010227725098,
    0.0, 0.0, 1.0]
  rows: 3
distortion_coefficients:
  cols: 5
  data: [0.272493794437524, -0.7808948485389015, -0.010809431706421466, -0.05471444135884376,
    0.44298020869738675]
  rows: 1
distortion_model: plumb_bob
image_height: 480
image_width: 640
projection_matrix:
  cols: 4
  data: [401.0306091308594, 0.0, 333.1032409667969, 0.0, 0.0, 1761.3992919921875,
    242.95010375976562, 0.0, 0.0, 0.0, 1.0, 0.0]
  rows: 3
rectification_matrix:
  cols: 3
  data: [1.0, 0.0, 0.0, 0.0, 1.0, 0.0, 0.0, 0.0, 1.0]
  rows: 3
