camera_matrix:
  cols: 3
  data: [229.0441484079342, 0.0, 296.79493499994356, 0.0, 227.68445856350107, 238.58271819467527,
    0.0, 0.0, 1.0]
  rows: 3
distortion_coefficients:
  cols: 1
  data: [-0.012725866742938236, -0.006054439073089557, 0.004145980031036043, -0.0014956480404832418]
  rows: 4
distortion_model: fisheye
image_height: 480
image_width: 640
projection_matrix:
  cols: 4
  data: [229.0441436767578, 0.0, 296.794921875, 0.0, 0.0, 227.68446350097656, 238.5827178955078,
    0.0, 0.0, 0.0, 1.0, 0.0]
  rows: 3
rectification_matrix:
  cols: 3
  data: [1.0, 0.0, 0.0, 0.0, 1.0, 0.0, 0.0, 0.0, 1.0]
  rows: 3