camera_matrix:
  cols: 3
  data: [219.43560645987768, 0.0, 300.0037057544377, 0.0, 218.90598380153148, 238.65180574230172,
    0.0, 0.0, 1.0]
  rows: 3
distortion_coefficients:
  cols: 1
  data: [-0.036515686266759634, 0.03891754143208063, -0.022386084492493137, 0.003925761838847629]
  rows: 4
distortion_model: fisheye
image_height: 480
image_width: 640
projection_matrix:
  cols: 4
  data: [219.43560791015625, 0.0, 300.0036926269531, 0.0, 0.0, 218.90599060058594,
    238.6518096923828, 0.0, 0.0, 0.0, 1.0, 0.0]
  rows: 3
rectification_matrix:
  cols: 3
  data: [1.0, 0.0, 0.0, 0.0, 1.0, 0.0, 0.0, 0.0, 1.0]
  rows: 3
