camera_matrix:
  cols: 3
  data: [746.8648507137414, 0.0, 317.1621607218723, 0.0, 713.9083308470173, 140.48360899337692,
    0.0, 0.0, 1.0]
  rows: 3
distortion_coefficients:
  cols: 5
  data: [0.7712324662450112, -16.131036652710854, 0.18940872483760962, 0.053183442754898,
    35.688176332589975]
  rows: 1
distortion_model: plumb_bob
image_height: 480
image_width: 640
projection_matrix:
  cols: 4
  data: [746.8648681640625, 0.0, 317.16217041015625, 0.0, 0.0, 713.9083251953125,
    140.48361206054688, 0.0, 0.0, 0.0, 1.0, 0.0]
  rows: 3
rectification_matrix:
  cols: 3
  data: [1.0, 0.0, 0.0, 0.0, 1.0, 0.0, 0.0, 0.0, 1.0]
  rows: 3
