camera_matrix:
  cols: 3
  data: [228.56549491991095, 0.0, 309.1870809051086, 0.0, 226.39564232793958, 237.10318171560084,
    0.0, 0.0, 1.0]
  rows: 3
distortion_coefficients:
  cols: 1
  data: [-0.028696296961549985, 0.014989728700802963, -0.007767916308335747, 0.0007992248993643271]
  rows: 4
distortion_model: fisheye
image_height: 480
image_width: 640
projection_matrix:
  cols: 4
  data: [228.56549072265625, 0.0, 309.18707275390625, 0.0, 0.0, 226.39564514160156,
    237.10317993164062, 0.0, 0.0, 0.0, 1.0, 0.0]
  rows: 3
rectification_matrix:
  cols: 3
  data: [1.0, 0.0, 0.0, 0.0, 1.0, 0.0, 0.0, 0.0, 1.0]
  rows: 3
