camera_matrix:
  cols: 3
  data: [233.72431965988685, 0.0, 312.3436155295659, 0.0, 232.27011756725815, 239.8719191916182,
    0.0, 0.0, 1.0]
  rows: 3
distortion_coefficients:
  cols: 1
  data: [-0.021425014189602846, 0.006740693711246616, -0.005451706454612744, 0.0008332318703467406]
  rows: 4
distortion_model: fisheye
image_height: 480
image_width: 640
projection_matrix:
  cols: 4
  data: [233.7243194580078, 0.0, 312.3436279296875, 0.0, 0.0, 232.27011108398438,
    239.87191772460938, 0.0, 0.0, 0.0, 1.0, 0.0]
  rows: 3
rectification_matrix:
  cols: 3
  data: [1.0, 0.0, 0.0, 0.0, 1.0, 0.0, 0.0, 0.0, 1.0]
  rows: 3
