camera_matrix:
  cols: 3
  data: [318.72171720229136, 0.0, 319.86432368483133, 0.0, 318.7640628148838, 237.71549678920138,
    0.0, 0.0, 1.0]
  rows: 3
distortion_coefficients:
  cols: 5
  data: [-0.43018125805202023, 0.17414720043315005, 0.0008924018457424842, 7.746295477050289e-05,
    -0.031819544261190276]
  rows: 1
distortion_model: plumb_bob
image_height: 480
image_width: 640
projection_matrix:
  cols: 4
  data: [318.7217102050781, 0.0, 319.86431884765625, 0.0, 0.0, 318.7640380859375,
    237.71546936035156, 0.0, 0.0, 0.0, 1.0, 0.0]
  rows: 3
rectification_matrix:
  cols: 3
  data: [1.0, 0.0, 0.0, 0.0, 1.0, 0.0, 0.0, 0.0, 1.0]
  rows: 3
